Amostra testada: voice-luca-0.wav
Chute do programa: luca
Distancia individual: -18.914483649589762
Distancias para cada modelo:
antonio: -23.380621578007542
bandeira: -22.254937238743125
betim: -21.142250129503456
luca: -18.914483649589762
patrick: -21.25701754210907
viktor: -21.77666114431081
