Amostra testada: voice-bandeira-13.wav
Chute do programa: bandeira
Distancia individual: (-16.745417841469024, bandeira-003)
Distancia somas: (-52.31181186373331, bandeira)
Distancias para cada modelo:
antonio-001: -23.537014036165015
antonio-002: -24.373391332584013
antonio-003: -23.380853489130946
bandeira-001: -18.372505722074923
bandeira-002: -17.193888300189368
bandeira-003: -16.745417841469024
betim-001: -21.251302891655854
betim-002: -19.215233579966394
betim-003: -18.712860211671234
luca-001: -19.43159492403874
luca-002: -21.371851718191234
luca-003: -18.24851792373466
patrick-001: -18.946390898091437
patrick-002: -20.12680514125208
patrick-003: -18.473285687497437
viktor-001: -23.715938117779313
viktor-002: -21.681052776749233
viktor-003: -21.913724921010854
Distancia total: [(-71.29125885787997, 'antonio'), (-52.31181186373331, 'bandeira'), (-59.17939668329348, 'betim'), (-59.05196456596463, 'luca'), (-57.54648172684095, 'patrick'), (-67.3107158155394, 'viktor')]
