Amostra testada: voice-luca-13.wav
Chute do programa: Inconclusivo
Distancia individual: (-21.368870568783205, betim-003)
Distancia somas: (-67.39047911127756, luca)
Distancias para cada modelo:
antonio-001: -26.96569852853915
antonio-002: -26.92967120427441
antonio-003: -26.004947538416438
bandeira-001: -23.059354493972403
bandeira-002: -23.972386606370147
bandeira-003: -22.65298929610153
betim-001: -24.200534932455447
betim-002: -22.147683365068076
betim-003: -21.368870568783205
luca-001: -23.05930959155748
luca-002: -22.934018206318946
luca-003: -21.397151313401128
patrick-001: -23.34740648636125
patrick-002: -22.3476081209776
patrick-003: -21.743513501861354
viktor-001: -27.60386933599299
viktor-002: -26.05759574451815
viktor-003: -26.181800531384756
Distancia total: [(-79.90031727123, 'antonio'), (-69.68473039644408, 'bandeira'), (-67.71708886630672, 'betim'), (-67.39047911127756, 'luca'), (-67.4385281092002, 'patrick'), (-79.84326561189589, 'viktor'), (-79.90031727123, 'antonio'), (-69.68473039644408, 'bandeira'), (-67.71708886630672, 'betim'), (-67.39047911127756, 'luca'), (-67.4385281092002, 'patrick'), (-79.84326561189589, 'viktor')]
