Amostra testada: voice-bandeira-13.wav
Chute do programa: bandeira
Distancia individual: -16.818602935148547
Distancias para cada modelo:
antonio: -23.180841053917476
bandeira: -16.818602935148547
betim: -18.671037694435235
luca: -18.351822734393295
patrick: -18.450825232753694
viktor: -21.937224227132383
