Amostra testada: voice-patrick-15.wav
Chute do programa: patrick
Distancia individual: (-21.366416541808704, patrick-003)
Distancias para cada modelo:
antonio-001: -26.709173127863306
antonio-002: -27.65163246946601
antonio-003: -25.86996325892336
bandeira-001: -23.184925862577106
bandeira-002: -24.317028852004032
bandeira-003: -23.10146392375675
betim-001: -25.02540793552294
betim-002: -24.023049054168773
betim-003: -23.071320279273085
luca-001: -23.675561880741107
luca-002: -25.452517791274097
luca-003: -23.395439609424535
patrick-001: -23.13259881118275
patrick-002: -21.77327185873159
patrick-003: -21.366416541808704
viktor-001: -27.434811970293815
viktor-002: -25.241862294851014
viktor-003: -25.614857219776713
Lista das distancia: [(-54.36080559732932, 'antonio'), (-73.3719179735045, 'bandeira'), (-72.14992091344845, 'betim'), (-72.19939995128829, 'luca'), (-68.30131027933888, 'patrick'), (-74.04309080695353, 'viktor')]
