Amostra testada: voice-patrick-13.wav
Chute do programa: patrick
Distancia individual: -20.751281381970834
Distancias para cada modelo:
antonio: -25.262840518702706
bandeira: -22.144829596273723
betim: -22.074771880455735
luca: -22.976004647339114
patrick: -20.751281381970834
viktor: -24.486378408044217
