Amostra testada: voice-patrick-14.wav
Chute do programa: patrick
Distancia individual: (-18.965137952050036, patrick-003)
Distancia somas: (-58.495799182426715, patrick)
Distancias para cada modelo:
antonio-001: -24.685401577465836
antonio-002: -25.15682963400172
antonio-003: -24.515412791432933
bandeira-001: -21.395985320572215
bandeira-002: -23.74288508273098
bandeira-003: -21.856684253028376
betim-001: -23.58960632752549
betim-002: -22.580067219711232
betim-003: -21.75569385348893
luca-001: -22.570797667104465
luca-002: -25.252891317253123
luca-003: -22.300912585467433
patrick-001: -19.776282207740376
patrick-002: -19.754379022636304
patrick-003: -18.965137952050036
viktor-001: -25.791486764462647
viktor-002: -24.053560389449363
viktor-003: -23.825979348311172
Distancia total: [(-74.35764400290049, 'antonio'), (-66.99555465633156, 'bandeira'), (-67.92536740072566, 'betim'), (-70.12460156982502, 'luca'), (-58.495799182426715, 'patrick'), (-73.67102650222319, 'viktor')]
