Amostra testada: voice-betim-12.wav
Chute do programa: betim
Distancia individual: (-20.937459318965384, betim-002)
Distancia somas: (-66.32820233552539, betim)
Distancias para cada modelo:
antonio-001: -27.684563923818
antonio-002: -28.106436159600946
antonio-003: -27.583307979622358
bandeira-001: -24.005021515493915
bandeira-002: -23.924255804948498
bandeira-003: -23.169855355955367
betim-001: -24.336434562005838
betim-002: -20.937459318965384
betim-003: -21.05430845455417
luca-001: -26.151417053879925
luca-002: -25.845132972747738
luca-003: -24.50542319302977
patrick-001: -24.17800907817836
patrick-002: -23.831827521031006
patrick-003: -23.279449917919656
viktor-001: -26.40627222800789
viktor-002: -24.580318584041052
viktor-003: -24.665003863603268
Distancia total: [(-83.37430806304131, 'antonio'), (-71.09913267639777, 'bandeira'), (-66.32820233552539, 'betim'), (-76.50197321965743, 'luca'), (-71.28928651712903, 'patrick'), (-75.6515946756522, 'viktor')]
