Amostra testada: voice-bandeira-14.wav
Chute do programa: bandeira
Distancia individual: (-16.765967055967604, bandeira-003)
Distancia somas: (-51.642189776638006, bandeira)
Distancias para cada modelo:
antonio-001: -23.36538492266215
antonio-002: -24.275195336720657
antonio-003: -23.2907273578902
bandeira-001: -18.047223177073196
bandeira-002: -16.82899954359721
bandeira-003: -16.765967055967604
betim-001: -18.703527766995187
betim-002: -18.786294019161808
betim-003: -17.781457202971573
luca-001: -19.540254680127116
luca-002: -20.074500324150037
luca-003: -18.03417102920119
patrick-001: -20.085350837959826
patrick-002: -19.71542502217802
patrick-003: -18.950581487575544
viktor-001: -21.792734896012192
viktor-002: -20.864927335300777
viktor-003: -21.0142493019416
Distancia total: [(-70.931307617273, 'antonio'), (-51.642189776638006, 'bandeira'), (-55.27127898912857, 'betim'), (-57.64892603347835, 'luca'), (-58.751357347713395, 'patrick'), (-63.67191153325457, 'viktor')]
