Amostra testada: voice-patrick-13.wav
Chute do programa: patrick
Distancia individual: (-20.759900912208526, patrick-003)
Distancia somas: (-64.11424147226694, patrick)
Distancias para cada modelo:
antonio-001: -25.439434673338837
antonio-002: -25.948781819883873
antonio-003: -25.51116339384065
bandeira-001: -23.183137703174726
bandeira-002: -22.897727642697383
bandeira-003: -22.158527391679126
betim-001: -24.144975983513937
betim-002: -22.589198347318494
betim-003: -22.01884589083671
luca-001: -24.280156762751147
luca-002: -25.104331066316526
luca-003: -23.08323338381198
patrick-001: -21.735240639372616
patrick-002: -21.619099920685798
patrick-003: -20.759900912208526
viktor-001: -27.234167632568393
viktor-002: -24.751859427123577
viktor-003: -24.713876432231128
Distancia total: [(-76.89937988706336, 'antonio'), (-68.23939273755124, 'bandeira'), (-68.75302022166915, 'betim'), (-72.46772121287965, 'luca'), (-64.11424147226694, 'patrick'), (-76.6999034919231, 'viktor')]
