Amostra testada: voice-viktor-14.wav
Chute do programa: viktor
Distancia individual: (-16.517413971063746, viktor-003)
Distancia somas: (-51.02718169690385, viktor)
Distancias para cada modelo:
antonio-001: -23.279161180106378
antonio-002: -25.307386163890484
antonio-003: -23.354832270548556
bandeira-001: -22.293630782949602
bandeira-002: -23.702623812279732
bandeira-003: -21.85515204058135
betim-001: -22.019369464130982
betim-002: -23.240045842658482
betim-003: -21.250760091529536
luca-001: -24.213896988944573
luca-002: -22.04227475398767
luca-003: -22.168799588141702
patrick-001: -23.404719810744716
patrick-002: -23.29542255043076
patrick-003: -22.622134135610832
viktor-001: -16.809261310076423
viktor-002: -17.700506415763687
viktor-003: -16.517413971063746
Distancia total: [(-71.94137961454541, 'antonio'), (-67.85140663581068, 'bandeira'), (-66.510175398319, 'betim'), (-68.42497133107395, 'luca'), (-69.32227649678632, 'patrick'), (-51.02718169690385, 'viktor'), (-71.94137961454541, 'antonio'), (-67.85140663581068, 'bandeira'), (-66.510175398319, 'betim'), (-68.42497133107395, 'luca'), (-69.32227649678632, 'patrick'), (-51.02718169690385, 'viktor')]
