Amostra testada: voice-antonio-15.wav
Chute do programa: antonio
Distancia individual: (-15.030536462364218, antonio-003)
Distancias para cada modelo:
antonio-001: -17.278552203329653
antonio-002: -15.06080004874492
antonio-003: -15.030536462364218
bandeira-001: -22.52232856642626
bandeira-002: -24.15744770546191
bandeira-003: -22.57466779539531
betim-001: -22.59375607967047
betim-002: -23.077603472885304
betim-003: -21.57437124646087
luca-001: -23.962840145007604
luca-002: -22.86482244095433
luca-003: -22.068100644680584
patrick-001: -21.216848721277238
patrick-002: -19.300504496967868
patrick-003: -19.786824409574926
viktor-001: -21.263210749239686
viktor-002: -20.51712590524098
viktor-003: -20.10579790819301
Lista das distancia: [(-32.339352252074576, 'antonio'), (-61.71031273425238, 'bandeira'), (-68.24602734795108, 'betim'), (-68.4020338324228, 'luca'), (-62.58545386292569, 'patrick'), (-61.56716106405559, 'viktor')]
