Amostra testada: voice-luca-13.wav
Chute do programa: betim
Distancia individual: (-21.368870568783205, betim-003)
Distancias para cada modelo:
antonio-001: -26.96569852853915
antonio-002: -26.92967120427441
antonio-003: -26.004947538416438
bandeira-001: -23.059354493972403
bandeira-002: -23.972386606370147
bandeira-003: -22.65298929610153
betim-001: -24.200534932455447
betim-002: -22.147683365068076
betim-003: -21.368870568783205
luca-001: -23.05930959155748
luca-002: -22.934018206318946
luca-003: -21.397151313401128
patrick-001: -23.34740648636125
patrick-002: -22.3476081209776
patrick-003: -21.743513501861354
viktor-001: -27.60386933599299
viktor-002: -26.05759574451815
viktor-003: -26.181800531384756
Lista das distancia: [(-53.89536973281356, 'antonio'), (-73.03668863875899, 'bandeira'), (-69.00120759362505, 'betim'), (-67.36219836665964, 'luca'), (-67.09216592073997, 'patrick'), (-75.4049785823725, 'viktor')]
