Amostra testada: voice-antonio-15.wav
Chute do programa: antonio
Distancia individual: -15.347976337234504
Distancias para cada modelo:
antonio: -15.347976337234504
bandeira: -22.56649102871773
betim: -21.47667652534522
luca: -22.09454033886822
patrick: -19.617343465900852
viktor: -20.024824867060154
