Amostra testada: voice-betim-12.wav
Chute do programa: betim
Distancia individual: -20.82339673477514
Distancias para cada modelo:
antonio: -26.983779420813217
bandeira: -23.315889085960986
betim: -20.82339673477514
luca: -24.570539934616722
patrick: -23.194987488991266
viktor: -24.4881587103639
