Amostra testada: voice-viktor-13.wav
Chute do programa: viktor
Distancia individual: (-19.982973860861883, viktor-002)
Distancia somas: (-63.10808035351863, viktor)
Distancias para cada modelo:
antonio-001: -23.934534475907597
antonio-002: -25.660553396607813
antonio-003: -24.198487082401844
bandeira-001: -21.86588377794962
bandeira-002: -22.650349431093066
bandeira-003: -21.136809468932622
betim-001: -23.13018064533286
betim-002: -22.405081777825572
betim-003: -21.6629717737168
luca-001: -24.315476061498927
luca-002: -23.049731063492345
luca-003: -22.580135601241206
patrick-001: -23.11048060314681
patrick-002: -22.111486339443154
patrick-003: -21.82286626160868
viktor-001: -22.833732796557193
viktor-002: -19.982973860861883
viktor-003: -20.29137369609955
Distancia total: [(-73.79357495491725, 'antonio'), (-65.65304267797531, 'bandeira'), (-67.19823419687523, 'betim'), (-69.94534272623248, 'luca'), (-67.04483320419865, 'patrick'), (-63.10808035351863, 'viktor'), (-73.79357495491725, 'antonio'), (-65.65304267797531, 'bandeira'), (-67.19823419687523, 'betim'), (-69.94534272623248, 'luca'), (-67.04483320419865, 'patrick'), (-63.10808035351863, 'viktor')]
