Amostra testada: voice-antonio-15.wav
Chute do programa: antonio
Distancia individual: (-15.092651162943666, antonio-003)
Distancia somas: (-47.05117936494533, antonio)
Distancias para cada modelo:
antonio-001: -16.838066145698992
antonio-002: -15.120462056302669
antonio-003: -15.092651162943666
bandeira-001: -22.66906244629972
bandeira-002: -24.341257718908583
bandeira-003: -22.538818328554438
betim-001: -22.5564206958775
betim-002: -22.36651763087142
betim-003: -21.576192050659703
luca-001: -24.018518088507825
luca-002: -23.028133601585296
luca-003: -22.227214254198714
patrick-001: -21.195403806585166
patrick-002: -19.91957290314186
patrick-003: -19.752949890378506
viktor-001: -21.447059063891032
viktor-002: -20.677686916738423
viktor-003: -20.227708217163293
Distancia total: [(-47.05117936494533, 'antonio'), (-69.54913849376274, 'bandeira'), (-66.49913037740862, 'betim'), (-69.27386594429183, 'luca'), (-60.867926600105534, 'patrick'), (-62.35245419779275, 'viktor')]
