Amostra testada: voice-luca-12.wav
Chute do programa: luca
Distancia individual: (-16.76167823945049, luca-003)
Distancias para cada modelo:
antonio-001: -22.78183536732625
antonio-002: -24.12115760765078
antonio-003: -22.368381436442622
bandeira-001: -21.01829525730708
bandeira-002: -21.032815586466604
bandeira-003: -20.1611545548074
betim-001: -20.318833464633233
betim-002: -20.601400165055175
betim-003: -18.904470714628054
luca-001: -18.78041484261317
luca-002: -18.56515304769259
luca-003: -16.76167823945049
patrick-001: -21.546555629898773
patrick-002: -20.36912404684382
patrick-003: -20.23692529499815
viktor-001: -23.95954988950467
viktor-002: -21.453618539603244
viktor-003: -21.627281003573163
Lista das distancia: [(-46.902992974977025, 'antonio'), (-64.4194922802163, 'bandeira'), (-61.08138818449581, 'betim'), (-56.25003860493381, 'luca'), (-58.67735791619309, 'patrick'), (-65.65009372410607, 'viktor')]
