Amostra testada: voice-betim-12.wav
Chute do programa: betim
Distancia individual: (-21.17080285371569, betim-002)
Distancia somas: (-66.69859150932942, betim)
Distancias para cada modelo:
antonio-001: -27.598227643146863
antonio-002: -28.087737588734786
antonio-003: -27.60903214234502
bandeira-001: -24.130487537153577
bandeira-002: -23.798290909307365
bandeira-003: -23.120481093075412
betim-001: -24.35118438881851
betim-002: -21.17080285371569
betim-003: -21.176604266795227
luca-001: -26.43801768904326
luca-002: -25.919221736092396
luca-003: -24.5197540962655
patrick-001: -24.07119882632907
patrick-002: -23.92462276687255
patrick-003: -23.13417452736947
viktor-001: -26.427479347858693
viktor-002: -24.314877072194506
viktor-003: -24.45573979921146
Distancia total: [(-83.29499737422667, 'antonio'), (-71.04925953953635, 'bandeira'), (-66.69859150932942, 'betim'), (-76.87699352140116, 'luca'), (-71.12999612057109, 'patrick'), (-75.19809621926466, 'viktor')]
