Amostra testada: voice-betim-14.wav
Chute do programa: betim
Distancia individual: (-20.95063264850843, betim-003)
Distancia somas: (-65.87922275978467, betim)
Distancias para cada modelo:
antonio-001: -26.535982713569958
antonio-002: -26.69512623426924
antonio-003: -26.01571046249407
bandeira-001: -23.3432929322024
bandeira-002: -23.00771740352348
bandeira-003: -22.483268812694902
betim-001: -23.532557698988402
betim-002: -21.396032412287838
betim-003: -20.95063264850843
luca-001: -23.948036645226125
luca-002: -25.220759331942144
luca-003: -23.04784120107733
patrick-001: -23.380218855177127
patrick-002: -23.117470270591788
patrick-003: -22.363693894598487
viktor-001: -24.589866061266257
viktor-002: -23.915284304200007
viktor-003: -23.534857479137262
Distancia total: [(-79.24681941033327, 'antonio'), (-68.83427914842078, 'bandeira'), (-65.87922275978467, 'betim'), (-72.2166371782456, 'luca'), (-68.8613830203674, 'patrick'), (-72.04000784460352, 'viktor')]
