Amostra testada: voice-bandeira-13.wav
Chute do programa: bandeira
Distancia individual: -16.943111081380604
Distancias para cada modelo:
antonio: -23.351761186766385
bandeira: -16.943111081380604
betim: -18.837984611948574
luca: -18.18954495893056
patrick: -18.28380449541483
viktor: -22.19032561555551
