Amostra testada: voice-betim-13.wav
Chute do programa: betim
Distancia individual: -18.83545376141057
Distancias para cada modelo:
antonio: -25.254886567670926
bandeira: -21.114554162049835
betim: -18.83545376141057
luca: -21.635233965282467
patrick: -21.223695413107123
viktor: -23.292999764782262
