Amostra testada: voice-bandeira-14.wav
Chute do programa: bandeira
Distancia individual: -16.793740361330595
Distancias para cada modelo:
antonio: -22.693004269956834
bandeira: -16.793740361330595
betim: -17.613993475418887
luca: -18.15581773904124
patrick: -19.032067292479308
viktor: -20.631766598485754
