Amostra testada: voice-patrick-15.wav
Chute do programa: patrick
Distancia individual: (-21.401851330197633, patrick-003)
Distancia somas: (-66.27837071580569, patrick)
Distancias para cada modelo:
antonio-001: -26.044638060587605
antonio-002: -26.582425502828727
antonio-003: -26.194089971895302
bandeira-001: -23.651169799362798
bandeira-002: -24.121822245874714
bandeira-003: -23.23060190377176
betim-001: -25.014612961347463
betim-002: -23.755905857288333
betim-003: -23.23243599987304
luca-001: -23.6979357300794
luca-002: -25.76184553469864
luca-003: -23.211384742924274
patrick-001: -23.076855705329763
patrick-002: -21.7996636802783
patrick-003: -21.401851330197633
viktor-001: -27.431156874699262
viktor-002: -25.316251572800432
viktor-003: -25.035897936681057
Distancia total: [(-78.82115353531162, 'antonio'), (-71.00359394900927, 'bandeira'), (-72.00295481850884, 'betim'), (-72.67116600770231, 'luca'), (-66.27837071580569, 'patrick'), (-77.78330638418075, 'viktor')]
