Amostra testada: voice-bandeira-12.wav
Chute do programa: bandeira
Distancia individual: (-18.414111709668983, bandeira-003)
Distancias para cada modelo:
antonio-001: -25.74300702900386
antonio-002: -26.67258272726608
antonio-003: -25.425686354981863
bandeira-001: -19.878014419327727
bandeira-002: -18.432421247574784
bandeira-003: -18.414111709668983
betim-001: -21.89365570436747
betim-002: -21.608626789770152
betim-003: -20.525498081936888
luca-001: -22.064965404171716
luca-002: -23.431222934942298
luca-003: -20.89870603136971
patrick-001: -20.55584110013175
patrick-002: -20.63043992075287
patrick-003: -19.922064739194866
viktor-001: -25.5895353224919
viktor-002: -24.253472947846905
viktor-003: -23.96412599401147
