Amostra testada: voice-antonio-14.wav
Chute do programa: antonio
Distancia individual: (-19.278073245658256, antonio-003)
Distancia somas: (-58.7287815161204, antonio)
Distancias para cada modelo:
antonio-001: -19.746474209554073
antonio-002: -19.704234060908075
antonio-003: -19.278073245658256
bandeira-001: -24.410515434167127
bandeira-002: -25.662420280224083
bandeira-003: -24.196481397503153
betim-001: -24.636550412701098
betim-002: -23.918049464116184
betim-003: -23.35545787833434
luca-001: -27.085982387738685
luca-002: -24.01127225572856
luca-003: -24.353616360772897
patrick-001: -23.062682573540243
patrick-002: -22.452220205502563
patrick-003: -22.028381093964384
viktor-001: -23.467580970088
viktor-002: -22.862856256070785
viktor-003: -22.426981230379972
Distancia total: [(-58.7287815161204, 'antonio'), (-74.26941711189436, 'bandeira'), (-71.91005775515163, 'betim'), (-75.45087100424014, 'luca'), (-67.5432838730072, 'patrick'), (-68.75741845653876, 'viktor')]
