Amostra testada: voice-betim-14.wav
Chute do programa: betim
Distancia individual: -20.873775102283982
Distancias para cada modelo:
antonio: -25.787583801827534
bandeira: -22.52217934056286
betim: -20.873775102283982
luca: -22.9889455540058
patrick: -22.337328796406673
viktor: -23.514528110740304
