Amostra testada: voice-viktor-13.wav
Chute do programa: viktor
Distancia individual: -20.630087113478503
Distancias para cada modelo:
antonio: -23.85163092216814
bandeira: -21.154520599316697
betim: -21.5715830051591
luca: -22.280115417889835
patrick: -21.8228427218266
viktor: -20.630087113478503
