Amostra testada: voice-luca-13.wav
Chute do programa: Inconclusivo
Distancia individual: (-21.447092573068563, luca-003)
Distancia somas: (-66.79584171205616, patrick)
Distancias para cada modelo:
antonio-001: -25.650134059152233
antonio-002: -26.275798027762775
antonio-003: -26.082574819447576
bandeira-001: -23.10198317081805
bandeira-002: -23.762956001287545
bandeira-003: -22.615774627699597
betim-001: -24.26618720186989
betim-002: -22.16502459033538
betim-003: -21.603880908294702
luca-001: -23.03210971913136
luca-002: -23.195876524523694
luca-003: -21.447092573068563
patrick-001: -23.124505211278766
patrick-002: -21.84367316029264
patrick-003: -21.82766334048475
viktor-001: -27.94734612843837
viktor-002: -26.18073519561853
viktor-003: -25.937484856020387
Distancia total: [(-78.00850690636258, 'antonio'), (-69.48071379980519, 'bandeira'), (-68.03509270049997, 'betim'), (-67.67507881672361, 'luca'), (-66.79584171205616, 'patrick'), (-80.06556618007728, 'viktor')]
