Amostra testada: voice-luca-12.wav
Chute do programa: luca
Distancia individual: (-16.98485782362606, luca-003)
Distancia somas: (-54.053889673611266, luca)
Distancias para cada modelo:
antonio-001: -22.314268687406337
antonio-002: -24.02860621060292
antonio-003: -22.36926875058125
bandeira-001: -21.187343865758507
bandeira-002: -21.228399262842895
bandeira-003: -20.185504138327655
betim-001: -20.264471877174298
betim-002: -20.00514483772135
betim-003: -18.916030627742565
luca-001: -18.75296170400044
luca-002: -18.31607014598476
luca-003: -16.98485782362606
patrick-001: -21.504271798880495
patrick-002: -20.509300112183148
patrick-003: -20.292762674770337
viktor-001: -23.90062043138339
viktor-002: -21.267081962008568
viktor-003: -21.681660221813523
Distancia total: [(-68.71214364859051, 'antonio'), (-62.601247266929064, 'bandeira'), (-59.18564734263821, 'betim'), (-54.053889673611266, 'luca'), (-62.30633458583398, 'patrick'), (-66.84936261520548, 'viktor')]
