Amostra testada: voice-viktor-13.wav
Chute do programa: viktor
Distancia individual: (-20.03091723643725, viktor-002)
Distancia somas: (-63.43899434670002, viktor)
Distancias para cada modelo:
antonio-001: -23.94928349419249
antonio-002: -25.403799763383255
antonio-003: -24.330162801509754
bandeira-001: -21.6230762563029
bandeira-002: -22.59546394409705
bandeira-003: -21.029327779240795
betim-001: -23.06107605805943
betim-002: -22.060373405868486
betim-003: -21.555643074180242
luca-001: -24.306662151209583
luca-002: -23.193741859379266
luca-003: -22.32417854358395
patrick-001: -23.00110265815909
patrick-002: -21.99974152764928
patrick-003: -21.985348716014904
viktor-001: -22.830373156559066
viktor-002: -20.03091723643725
viktor-003: -20.577703953703704
Distancia total: [(-73.6832460590855, 'antonio'), (-65.24786797964074, 'bandeira'), (-66.67709253810816, 'betim'), (-69.8245825541728, 'luca'), (-66.98619290182327, 'patrick'), (-63.43899434670002, 'viktor')]
