Amostra testada: voice-antonio-13.wav
Chute do programa: antonio
Distancia individual: -20.477614854987024
Distancias para cada modelo:
antonio: -20.477614854987024
bandeira: -25.95145189929143
betim: -24.99901009931129
luca: -25.987320741672114
patrick: -22.945137628831173
viktor: -23.813809135129656
