Amostra testada: voice-bandeira-14.wav
Chute do programa: bandeira
Distancia individual: (-16.771865528525314, bandeira-003)
Distancias para cada modelo:
antonio-001: -23.701062888355768
antonio-002: -24.38746521349327
antonio-003: -23.1926216163612
bandeira-001: -18.177512755621937
bandeira-002: -16.790485186579126
bandeira-003: -16.771865528525314
betim-001: -18.834128076028854
betim-002: -19.285116852535122
betim-003: -17.77771136243383
luca-001: -19.439539783486733
luca-002: -20.188076683694394
luca-003: -18.00906277208407
patrick-001: -19.96640486930693
patrick-002: -19.55172953736378
patrick-003: -19.24091663422027
viktor-001: -21.726072463538788
viktor-002: -20.961587929191243
viktor-003: -20.57265669676309
Lista das distancia: [(-48.088528101849036, 'antonio'), (-58.16061955856227, 'bandeira'), (-54.8911104570893, 'betim'), (-57.40532782961496, 'luca'), (-57.52719717875479, 'patrick'), (-61.92857702695029, 'viktor')]
