Amostra testada: voice-patrick-13.wav
Chute do programa: patrick
Distancia individual: -20.716077741302815
Distancias para cada modelo:
antonio: -25.162205040847923
bandeira: -22.05689250768705
betim: -22.110031058737892
luca: -23.12982256293535
patrick: -20.716077741302815
viktor: -24.796736902976864
