Amostra testada: voice-antonio-13.wav
Chute do programa: antonio
Distancia individual: -20.567430133393422
Distancias para cada modelo:
antonio: -20.567430133393422
bandeira: -25.810616806709245
betim: -24.97072341530351
luca: -25.640958330980755
patrick: -23.042360220289837
viktor: -23.78083054171092
