Amostra testada: voice-betim-13.wav
Chute do programa: betim
Distancia individual: -19.17612540759445
Distancias para cada modelo:
antonio: -25.348188047715297
bandeira: -21.091334551379454
betim: -19.17612540759445
luca: -21.82488782481526
patrick: -21.343167851433616
viktor: -23.723656394182395
