Amostra testada: voice-bandeira-12.wav
Chute do programa: bandeira
Distancia individual: -18.478608309521256
Distancias para cada modelo:
antonio: -25.195428171397943
bandeira: -18.478608309521256
betim: -20.44305468674741
luca: -21.00478769696638
patrick: -19.97983940341101
viktor: -24.69280884950335
