Amostra testada: voice-luca-14.wav
Chute do programa: luca
Distancia individual: -18.457335123919353
Distancias para cada modelo:
antonio: -23.556015913638777
bandeira: -19.96890984435468
betim: -19.956989621210464
luca: -18.457335123919353
patrick: -19.564262797983684
viktor: -24.306121553848275
