Amostra testada: voice-betim-13.wav
Chute do programa: betim
Distancia individual: (-19.162377601163147, betim-003)
Distancia somas: (-60.18532660493575, betim)
Distancias para cada modelo:
antonio-001: -26.165324959879378
antonio-002: -26.24903381912344
antonio-003: -25.83347766314116
bandeira-001: -22.202238425536116
bandeira-002: -21.613072231524406
bandeira-003: -21.088512667810566
betim-001: -21.68579359725917
betim-002: -19.337155406513443
betim-003: -19.162377601163147
luca-001: -23.39933418717974
luca-002: -23.817364422417263
luca-003: -21.63952913912623
patrick-001: -22.333376415457288
patrick-002: -22.05327448628955
patrick-003: -21.2380598026241
viktor-001: -24.992344266986244
viktor-002: -22.98986736015482
viktor-003: -23.331196882230152
Distancia total: [(-78.24783644214398, 'antonio'), (-64.90382332487108, 'bandeira'), (-60.18532660493575, 'betim'), (-68.85622774872323, 'luca'), (-65.62471070437093, 'patrick'), (-71.31340850937121, 'viktor')]
