Amostra testada: voice-luca-12.wav
Chute do programa: luca
Distancia individual: -17.13087628417691
Distancias para cada modelo:
antonio: -22.41681401783607
bandeira: -20.20970576578356
betim: -18.87918481524445
luca: -17.13087628417691
patrick: -20.30478059433777
viktor: -21.556936378838344
