Amostra testada: voice-patrick-14.wav
Chute do programa: patrick
Distancia individual: (-19.265353044625886, patrick-003)
Distancias para cada modelo:
antonio-001: -25.404668065073785
antonio-002: -25.763385824848463
antonio-003: -24.532757642643233
bandeira-001: -20.74541385271175
bandeira-002: -23.57337822621994
bandeira-003: -21.601686908895918
betim-001: -23.474722190554964
betim-002: -22.59113035522767
betim-003: -21.756237457137953
luca-001: -23.08956835292489
luca-002: -25.040046461586474
luca-003: -21.719306965645714
patrick-001: -19.769257329486887
patrick-002: -19.90942063605676
patrick-003: -19.265353044625886
viktor-001: -25.87803545525983
viktor-002: -24.052722263737436
viktor-003: -24.11710578630466
Lista das distancia: [(-51.16805388992225, 'antonio'), (-68.85154972157493, 'bandeira'), (-67.66753945467855, 'betim'), (-69.88585227164931, 'luca'), (-61.39798493118936, 'patrick'), (-69.19611076362315, 'viktor')]
