Amostra testada: voice-antonio-13.wav
Chute do programa: antonio
Distancia individual: (-20.533389907201336, antonio-001)
Distancia somas: (-63.079790035297066, antonio)
Distancias para cada modelo:
antonio-001: -20.533389907201336
antonio-002: -21.76173986387348
antonio-003: -20.78466026422225
bandeira-001: -26.40246993407562
bandeira-002: -26.96116961425621
bandeira-003: -25.81693197512707
betim-001: -26.49654263371501
betim-002: -25.26286764143735
betim-003: -25.088067898723626
luca-001: -28.03969872581432
luca-002: -26.492409658207276
luca-003: -25.96954746018242
patrick-001: -24.153208285468992
patrick-002: -23.36430598737505
patrick-003: -23.051278172543046
viktor-001: -25.32952932453718
viktor-002: -23.80222391671883
viktor-003: -23.687416196082513
Distancia total: [(-63.079790035297066, 'antonio'), (-79.1805715234589, 'bandeira'), (-76.84747817387598, 'betim'), (-80.50165584420401, 'luca'), (-70.56879244538709, 'patrick'), (-72.81916943733852, 'viktor')]
