Amostra testada: voice-antonio-14.wav
Chute do programa: antonio
Distancia individual: (-19.20434275218062, antonio-003)
Distancias para cada modelo:
antonio-001: -19.73876431016082
antonio-002: -20.080979577520324
antonio-003: -19.20434275218062
bandeira-001: -24.77137612512081
bandeira-002: -25.4012313480098
bandeira-003: -24.178022600967335
betim-001: -24.65844440740172
betim-002: -24.92289992515432
betim-003: -23.303394296046257
luca-001: -26.46243750412704
luca-002: -24.262598711481914
luca-003: -24.217541174651792
patrick-001: -23.06835178221949
patrick-002: -21.821104056221102
patrick-003: -21.927216322577678
viktor-001: -23.505671736614207
viktor-002: -22.58271824943364
viktor-003: -22.403126903000416
