Amostra testada: voice-viktor-13.wav
Chute do programa: viktor
Distancia individual: -20.400604619773425
Distancias para cada modelo:
antonio: -24.039268768081918
bandeira: -21.11587481871424
betim: -21.407674139499164
luca: -22.42740760015574
patrick: -21.869858054167725
viktor: -20.400604619773425
