Amostra testada: voice-luca-12.wav
Chute do programa: luca
Distancia individual: -16.784610214982074
Distancias para cada modelo:
antonio: -22.1594972907946
bandeira: -19.98612514642154
betim: -18.987849766264382
luca: -16.784610214982074
patrick: -20.22340146269936
viktor: -21.743289349538486
