Amostra testada: voice-bandeira-12.wav
Chute do programa: bandeira
Distancia individual: (-18.352892493099514, bandeira-003)
Distancia somas: (-56.84835940873447, bandeira)
Distancias para cada modelo:
antonio-001: -25.74650398744563
antonio-002: -26.051865632516684
antonio-003: -25.52823929282993
bandeira-001: -20.042337487565543
bandeira-002: -18.45312942806941
bandeira-003: -18.352892493099514
betim-001: -21.880688947772175
betim-002: -21.223976748900192
betim-003: -20.28343573946848
luca-001: -22.064476141518867
luca-002: -23.115103853509424
luca-003: -20.836916658393775
patrick-001: -20.42916341796992
patrick-002: -20.8023631303572
patrick-003: -19.93274534205799
viktor-001: -25.863682931422005
viktor-002: -24.144430887064306
viktor-003: -24.34499542779279
Distancia total: [(-77.32660891279224, 'antonio'), (-56.84835940873447, 'bandeira'), (-63.38810143614085, 'betim'), (-66.01649665342207, 'luca'), (-61.164271890385116, 'patrick'), (-74.3531092462791, 'viktor')]
