Amostra testada: voice-viktor-12.wav
Chute do programa: viktor
Distancia individual: (-24.109199726679968, viktor-003)
Distancia somas: (-74.1347020998522, viktor)
Distancias para cada modelo:
antonio-001: -28.55001963570702
antonio-002: -29.613589950112903
antonio-003: -27.878398702270804
bandeira-001: -27.548654885973633
bandeira-002: -29.030653537608632
bandeira-003: -27.235801093108705
betim-001: -28.062297554009085
betim-002: -29.243726105597588
betim-003: -27.67118856242318
luca-001: -29.92754013597397
luca-002: -29.688072346173826
luca-003: -28.549120015646658
patrick-001: -27.836573726036374
patrick-002: -27.800515279608035
patrick-003: -26.97398777927214
viktor-001: -25.553835838515518
viktor-002: -24.47166653465672
viktor-003: -24.109199726679968
Distancia total: [(-86.04200828809073, 'antonio'), (-83.81510951669097, 'bandeira'), (-84.97721222202985, 'betim'), (-88.16473249779446, 'luca'), (-82.61107678491655, 'patrick'), (-74.1347020998522, 'viktor'), (-86.04200828809073, 'antonio'), (-83.81510951669097, 'bandeira'), (-84.97721222202985, 'betim'), (-88.16473249779446, 'luca'), (-82.61107678491655, 'patrick'), (-74.1347020998522, 'viktor')]
