Amostra testada: voice-antonio-14.wav
Chute do programa: antonio
Distancia individual: -18.991994385499417
Distancias para cada modelo:
antonio: -18.991994385499417
bandeira: -24.178860331282674
betim: -23.298966720768245
luca: -23.9090304939401
patrick: -21.920969343494576
viktor: -22.311580824778122
