Amostra testada: voice-betim-12.wav
Chute do programa: betim
Distancia individual: -21.022292870726798
Distancias para cada modelo:
antonio: -27.234363933158857
bandeira: -23.160949641642564
betim: -21.022292870726798
luca: -24.475746684786134
patrick: -23.255611165326126
viktor: -24.71431875526704
