Amostra testada: voice-patrick-15.wav
Chute do programa: patrick
Distancia individual: -21.274668954388336
Distancias para cada modelo:
antonio: -25.627000222463618
bandeira: -23.21718155497987
betim: -23.11060908706768
luca: -23.159439047212686
patrick: -21.274668954388336
viktor: -25.009649513445233
