Amostra testada: voice-viktor-12.wav
Chute do programa: Inconclusivo
Distancia individual: (-24.36163553759529, viktor-003)
Distancia somas: (-74.53911506170776, viktor)
Distancias para cada modelo:
antonio-001: -28.382717365273017
antonio-002: -29.171222727751385
antonio-003: -28.010110414709935
bandeira-001: -27.583700903588333
bandeira-002: -28.971599890387356
bandeira-003: -27.420310371581785
betim-001: -27.981478826289052
betim-002: -28.86428223611121
betim-003: -27.39803814098738
luca-001: -29.975377070926694
luca-002: -29.546038664452713
luca-003: -28.696104926692144
patrick-001: -27.953285761757538
patrick-002: -27.959509752698477
patrick-003: -26.9703325107926
viktor-001: -25.665235849752055
viktor-002: -24.51224367436042
viktor-003: -24.36163553759529
Distancia total: [(-85.56405050773434, 'antonio'), (-83.97561116555747, 'bandeira'), (-84.24379920338765, 'betim'), (-88.21752066207155, 'luca'), (-82.88312802524861, 'patrick'), (-74.53911506170776, 'viktor')]
