Amostra testada: voice-bandeira-13.wav
Chute do programa: bandeira
Distancia individual: (-16.824749663920873, bandeira-003)
Distancias para cada modelo:
antonio-001: -24.003287350401934
antonio-002: -24.65789238595067
antonio-003: -23.33653777189917
bandeira-001: -18.415331662451205
bandeira-002: -17.173453634554352
bandeira-003: -16.824749663920873
betim-001: -21.250581856309754
betim-002: -19.691473221649822
betim-003: -18.91534358466344
luca-001: -19.337051741684938
luca-002: -21.49570225565451
luca-003: -18.39428406417995
patrick-001: -19.078539087565677
patrick-002: -20.087560960104437
patrick-003: -18.543290812479643
viktor-001: -23.36823107343388
viktor-002: -21.585734429254078
viktor-003: -21.75600580176445
