Amostra testada: voice-luca-13.wav
Chute do programa: betim
Distancia individual: -21.474226774441433
Distancias para cada modelo:
antonio: -25.49134670464372
bandeira: -22.90376780794692
betim: -21.474226774441433
luca: -21.49594957608987
patrick: -21.8994995325419
viktor: -25.807010408594913
