Amostra testada: voice-patrick-14.wav
Chute do programa: patrick
Distancia individual: -19.12718335048654
Distancias para cada modelo:
antonio: -24.090901827690747
bandeira: -21.782874125408092
betim: -21.842664440112898
luca: -22.075604153465495
patrick: -19.12718335048654
viktor: -23.29458303386961
