Amostra testada: voice-antonio-13.wav
Chute do programa: antonio
Distancia individual: (-20.448697340023877, antonio-003)
Distancia somas: (-63.045066046030364, antonio)
Distancias para cada modelo:
antonio-001: -20.87320993583547
antonio-002: -21.723158770171022
antonio-003: -20.448697340023877
bandeira-001: -26.277177825389245
bandeira-002: -27.12689066405448
bandeira-003: -25.927755013571606
betim-001: -26.494973960929748
betim-002: -26.159312674672922
betim-003: -25.037546772876233
luca-001: -27.520004722281428
luca-002: -26.464405942949586
luca-003: -25.84782454992906
patrick-001: -23.90805787592285
patrick-002: -23.181924592257026
patrick-003: -23.307028867188595
viktor-001: -25.31337576046247
viktor-002: -23.81405308448192
viktor-003: -23.615960819726983
Distancia total: [(-63.045066046030364, 'antonio'), (-79.33182350301533, 'bandeira'), (-77.69183340847891, 'betim'), (-79.83223521516007, 'luca'), (-70.39701133536848, 'patrick'), (-72.74338966467137, 'viktor')]
