Amostra testada: voice-luca-14.wav
Chute do programa: luca
Distancia individual: (-18.36754419877362, luca-003)
Distancia somas: (-59.185544095337306, luca)
Distancias para cada modelo:
antonio-001: -23.448406449726935
antonio-002: -24.847731976678478
antonio-003: -23.987601732798137
bandeira-001: -20.785770582881103
bandeira-002: -20.768465431204845
bandeira-003: -20.057240089201386
betim-001: -22.09631960184623
betim-002: -20.723342515544427
betim-003: -19.95351844049938
luca-001: -19.74749854417237
luca-002: -21.07050135239132
luca-003: -18.36754419877362
patrick-001: -20.34115685300334
patrick-002: -20.229382849224013
patrick-003: -19.6375310694662
viktor-001: -26.684326075369583
viktor-002: -24.12115137164399
viktor-003: -24.3023450383174
Distancia total: [(-72.28374015920355, 'antonio'), (-61.61147610328733, 'bandeira'), (-62.773180557890036, 'betim'), (-59.185544095337306, 'luca'), (-60.20807077169355, 'patrick'), (-75.10782248533097, 'viktor')]
