Amostra testada: voice-bandeira-12.wav
Chute do programa: bandeira
Distancia individual: -18.34908275443613
Distancias para cada modelo:
antonio: -24.744646761929697
bandeira: -18.34908275443613
betim: -20.292548307755986
luca: -20.765990486167937
patrick: -19.92634430379462
viktor: -24.3066423942303
