Amostra testada: voice-betim-13.wav
Chute do programa: betim
Distancia individual: (-18.844649843487986, betim-003)
Distancia somas: (-59.69049585674597, betim)
Distancias para cada modelo:
antonio-001: -26.06075414459078
antonio-002: -26.36232127211059
antonio-003: -25.682677423730496
bandeira-001: -22.15024445137277
bandeira-002: -21.498298773584125
bandeira-003: -21.001215293947023
betim-001: -21.72335510079935
betim-002: -19.12249091245863
betim-003: -18.844649843487986
luca-001: -23.264287613569373
luca-002: -23.78867367025105
luca-003: -21.832096137080715
patrick-001: -22.462479030006403
patrick-002: -22.07419739856834
patrick-003: -21.317957538495957
viktor-001: -25.29132406150939
viktor-002: -22.98637393631477
viktor-003: -23.500346443092006
Distancia total: [(-78.10575284043188, 'antonio'), (-64.64975851890392, 'bandeira'), (-59.69049585674597, 'betim'), (-68.88505742090113, 'luca'), (-65.8546339670707, 'patrick'), (-71.77804444091618, 'viktor')]
