Amostra testada: voice-betim-12.wav
Chute do programa: betim
Distancia individual: (-21.17080285371569, betim-002)
Distancias para cada modelo:
antonio-001: -27.598227643146863
antonio-002: -28.087737588734786
antonio-003: -27.60903214234502
bandeira-001: -24.130487537153577
bandeira-002: -23.798290909307365
bandeira-003: -23.120481093075412
betim-001: -24.35118438881851
betim-002: -21.17080285371569
betim-003: -21.176604266795227
luca-001: -26.43801768904326
luca-002: -25.919221736092396
luca-003: -24.5197540962655
patrick-001: -24.07119882632907
patrick-002: -23.92462276687255
patrick-003: -23.13417452736947
viktor-001: -26.427479347858693
viktor-002: -24.314877072194506
viktor-003: -24.45573979921146
Lista das distancia: [(-55.68596523188165, 'antonio'), (-75.53781058880597, 'bandeira'), (-68.6424683356096, 'betim'), (-73.53384369193088, 'luca'), (-72.51557568946711, 'patrick'), (-73.87653094742267, 'viktor')]
