Amostra testada: voice-viktor-14.wav
Chute do programa: viktor
Distancia individual: -16.883026299246037
Distancias para cada modelo:
antonio: -23.558024982921292
bandeira: -21.748703475359875
betim: -21.21779199627175
luca: -22.36679531593405
patrick: -22.618147229456948
viktor: -16.883026299246037
