Amostra testada: voice-viktor-14.wav
Chute do programa: viktor
Distancia individual: -16.637566206608597
Distancias para cada modelo:
antonio: -23.13616253042164
bandeira: -21.7839969433157
betim: -20.962335720081843
luca: -22.272850881163997
patrick: -22.653980686520363
viktor: -16.637566206608597
