Amostra testada: voice-viktor-14.wav
Chute do programa: Inconclusivo
Distancia individual: (-16.56710163284272, viktor-003)
Distancia somas: (-51.418737327271955, viktor)
Distancias para cada modelo:
antonio-001: -23.202886997025505
antonio-002: -25.1834987118958
antonio-003: -23.4435318760074
bandeira-001: -21.946075512190497
bandeira-002: -23.499049744967497
bandeira-003: -21.882302380682354
betim-001: -21.93136189990999
betim-002: -23.478802231839744
betim-003: -20.90670965270423
luca-001: -24.226580915028087
luca-002: -21.936719082098854
luca-003: -22.393456272845718
patrick-001: -23.44819757819721
patrick-002: -22.752883853931984
patrick-003: -22.46553311297865
viktor-001: -16.836246870067033
viktor-002: -18.015388824362198
viktor-003: -16.56710163284272
Distancia total: [(-71.82991758492871, 'antonio'), (-67.32742763784034, 'bandeira'), (-66.31687378445397, 'betim'), (-68.55675626997265, 'luca'), (-68.66661454510785, 'patrick'), (-51.418737327271955, 'viktor')]
